1700    5
1701   11
1702   16
1703   23
1704   36
1705   58
1706   29
1707   20
1708   10
1709    8
1710    3
1711    0
1712    0
1713    2
1714   11
1715   27
1716   47
1717   63
1718   60
1719   39
1720   28
1721   26
1722   22
1723   11
1724   21
1725   40
1726   78
1727  122
1728  103
1729   73
1730   47
1731   35
1732   11
1733    5
1734   16
1735   34
1736   70
1737   81
1738  111
1739  101
1740   73
1741   40
1742   20
1743   16
1744    5
1745   11
1746   22
1747   40
1748   60
1749   80
1750   83
1751   47
1752   47
1753   30
1754   12
1755    9
1756   10
1757   32
1758   47
1759   54
1760   62
1761   85
1762   61
1763   45
1764   36
1765   20
1766   11
1767   37
1768   69
1769  106
1770  100
1771   81
1772   66
1773   34
1774   30
1775    7
1776   19
1777   92
1778  154
1779  125
1780   84
1781   68
1782   38
1783   22
1784   10
1785   24
1786   82
1787  132
1788  130
1789  118
1790   89
1791   66
1792   60
1793   46
1794   41
1795   21
1796   16
1797    6
1798    4
1799    6
1800   14
1801   34
1802   45
1803   43
1804   47
1805   42
1806   28
1807   10
1808    8
1809    2
1810    0
1811    1
1812    5
1813   12
1814   13
1815   35
1816   45
1817   41
1818   30
1819   23
1820   15
1821    6
1822    4
1823    1
1824    8
1825   16
1826   36
1827   49
1828   64
1829   67
1830   70
1831   47
1832   27
1833    8
1834   13
1835   56
1836  121
1837  138
1838  103
1839   85
1840   64
1841   36
1842   24
1843   10
1844   15
1845   40
1846   61
1847   98
1848  124
1849   96
1850   66
1851   64
1852   54
1853   39
1854   20
1855    6
1856    4
1857   22
1858   54
1859   93
1860   95
1861   77
1862   59
1863   44
1864   47
1865   30
1866   16
1867    7
1868   37
1869   74
1870  139
1871  111
1872  101
1873   66
1874   44
1875   17
1876   11
1877   12
1878    3
1879    6
1880   32
1881   54
1882   59
1883   63
1884   63
1885   52
1886   25
1887   13
1888    6
1889    6
1890    7
1891   35
1892   73
1893   85
1894   78
1895   64
1896   41
1897   26
1898   26
1899   12
1900    9
1901    2
1902    5
1903   24
1904   42
1905   63
1906   53
1907   62
1908   48
1909   43
1910   18
1911    5
1912    3
1913    1
1914    9
1915   47
1916   57
1917  103
1918   80
1919   63
1920   37
1921   26
1922   14
1923    5
1924   16
1925   44
1926   63
1927   69
1928   77
1929   64
1930   35
1931   21
1932   11
1933    5
1934    8
1935   36
1936   79
1937  114
1938  109
1939   88
1940   67
1941   47
1942   30
1943   16
1944    9
1945   33
1946   92
1947  151
1948  136
1949  134
1950   83
1951   69
1952   31
1953   13
1954    4
1955   38
1956  141
1957  190
1958  184
1959  159
1960  112
1961   53
1962   37
1963   27
1964   10
1965   15
1966   47
1967   93
1968  105
1969  105
1970  104
1971   66
1972   68
1973   38
1974   34
1975   15
1976   12
1977   27
1978   92
1979  155
1980  154
1981  140
1982  115
1983   66
1984   45
1985   17
1986   13
1987   29
